DEGLU4	DEGLU5	DEINH3	MEGLU1	MEGLU10	MEGLU11	MEINH2	TEGLU17	TEGLU23	TEGLU4	TEINH12
antiquewhite3	4.29128107263897e-07	0.0424858878875484	0.00528398400796419	0.0628487448558467	0.419290539246523	0.0983614494625965	0.0155236966986624	0.0296869588749907	0.000905501014980798	0.00624736737716841	0.0203728844048917
aquamarine2	5.97273086627978e-15	6.12989582778292e-07	1.09724982736632e-08	4.20345533629266e-07	8.21356603518729e-06	0.000368852840914125	5.02884469359812e-06	3.15376806561493e-05	2.9294838674801e-06	5.59535711009613e-11	8.89834981911799e-06
blue1	9.68638383849304e-06	0.00405023275004595	0.00393353700467796	0.00497516546543487	0.0249974705201934	0.315845961270694	0.00217172775206774	0.0309720807445249	0.254077234041622	0.0012563190161609	0.0579964949513233
cadetblue1	3.56068453660563e-16	5.71210914826846e-08	2.40052613266635e-09	2.88838534940156e-09	4.70442267495974e-05	2.05099454987385e-06	5.05234767244788e-09	3.62172621918273e-08	2.32394859722719e-08	5.6420264252834e-12	8.44660712638086e-07
chocolate	0.00180034485605368	0.492518229310316	0.146823153780051	0.268919490297109	0.705953690523144	0.347549490558023	0.577689589394119	0.337658488278784	0.196525389833779	0.000269575129481733	0.497613243128873
darkgoldenrod	6.89207431674534e-09	3.71188221094674e-09	2.91925805121451e-10	2.84765503948355e-07	7.86822916499316e-05	0.000977050522995276	5.07639964395281e-08	0.000866615247591046	0.00172855984662111	6.20955448019501e-06	2.03077991974006e-05
darkolivegreen4	3.02848805389257e-09	4.65143263209324e-07	4.92807295788755e-06	4.96993101982355e-06	0.000135633902684362	0.00101987749576317	3.47300186771955e-06	1.90788095501114e-05	0.0007715474611395	2.06177951997784e-07	0.01669912949003
darkorange	1.4142870104373e-11	0.0258291684245551	0.0632589900153793	0.156708922205621	0.0010447363603066	0.103038401334198	0.27262825243808	0.000525397588433051	0.00127927420162306	0.000888138630693665	1.40960395406825e-05
deeppink2	0.00017061042746568	0.0129205554583593	0.000693303311378979	0.00991961433631898	0.0318834305350988	0.0100572054734823	0.00899054147034784	0.0100482594512501	0.0114038220550741	0.000306330802092855	0.00014954191191802
deepskyblue2	0.00444219366276512	0.00645288045523886	0.0113301719358224	0.00132278380631136	0.00736029240514976	0.0115166761782499	0.00661624248857478	0.0315134408947815	0.011507157459291	0.0254300976969259	0.000268402053980007
goldenrod1	1.30509970225908e-05	0.00926765340310068	0.0150708059628062	0.0210620119333972	0.558561052736352	0.499194425641938	0.0296300609151849	0.000161109435956433	0.00375924416588969	0.0059614572843731	0.0217731555364977
hotpink3	2.20634147751414e-11	4.03994189605263e-08	1.57974551312922e-05	3.33591877478285e-06	0.0034553341189597	0.000117147209999739	2.39623029308629e-06	0.00104111867212208	0.0130173034595615	0.000272379107684176	0.00299520623834156
indianred	0.585267163751304	0.866785401284343	0.435516314603865	0.537372805497652	0.00799291513996448	0.14770963456949	0.382320329897665	0.637179856191188	0.667388419614836	0.705728395458336	0.311632589466237
indianred3	2.18407226440809e-05	5.38560041204748e-05	7.26547164011896e-05	1.00751351845875e-05	0.000367934936643219	0.000913838075536392	4.14825704245381e-05	0.00224687611185039	0.0186968860515834	0.000190203928424855	1.07335293817248e-06
indianred4	0.0015013093808211	0.0764115799773273	0.0747476746421273	0.0429903725467199	0.0634107383661129	0.0581824437656884	0.151143303599109	0.000548032198144602	0.0131504748199678	0.000230981322186687	0.0125933672615897
ivory	0.000893753967120975	0.018246850653984	0.013000302069791	0.0442261583258424	0.0592092371605529	0.115188864612431	0.000433277467086452	0.0433396828993575	0.0388620282864519	0.00101112184594706	0.057518968845402
lightblue	1.32141384378714e-18	1.00258565703695e-12	1.81180386507998e-18	1.2856530589378e-17	0.00756895018759523	1.13612413888092e-12	2.08111299065389e-23	5.95676308329912e-13	3.152420774089e-15	1.65876876957405e-15	1.93441607351082e-11
lightcyan4	2.29316974385825e-07	0.000231856062935429	0.000101392843402259	9.46753179629767e-05	0.036259057823223	0.00152960754720158	7.95807538340393e-05	0.000878531922697391	0.000615650915048758	0.000348316694200559	0.0152420836050879
lightgoldenrod2	0.0125135743813828	0.00241935742063232	0.110837086798991	0.00200257116132332	0.00152604291923553	0.000278625611919374	0.00649771489532064	0.0440368476937718	0.0102541746505476	0.0477370040509174	0.0445043763103715
lightpink4	5.71113732300615e-51	1.07558005759191e-74	4.79620464334622e-54	1.40923289031031e-29	2.87371231599714e-72	2.97019106042796e-61	2.94634064569369e-50	5.22952314321951e-22	1.38845605604659e-58	5.57063979608933e-05	7.30410198368647e-88
lightsalmon1	0.0565855100232202	0.100210925405833	0.0559489813325445	0.0706012646963613	0.0368646747555038	0.240267096356129	0.0359420988143752	0.267127893170248	0.0457050455505327	0.200397868862799	0.210771215790773
lightskyblue2	2.60889090100374e-18	8.99393313981923e-12	2.61502590549021e-13	2.83454079004303e-10	2.93719548513934e-06	9.8047197663778e-10	5.98831005558408e-12	6.9908970807931e-10	3.92122046895148e-09	3.37520914406825e-10	1.39386901314942e-06
mediumaquamarine	9.48969048217585e-08	0.0512425435774816	0.00036597934956227	0.00425946911201656	0.0552174943697341	0.00722663516548124	9.07200056301317e-05	0.000637761904332263	2.22119437754333e-05	0.000497950343355651	0.000248013213920113
mediumorchid3	2.4644347209917e-12	0.00136658695948848	3.90359642611551e-06	0.00346516334620671	0.00305793597054492	1.03659936624353e-05	1.64237598793488e-06	0.000241203031294358	7.64747143521359e-06	0.000647209409790246	4.40660888694238e-06
mediumseagreen	0.14670474783728	0.00115298162818408	0.0200730305479191	0.00323902392504676	0.054096407454055	0.0820892706432628	0.0184363527545506	0.0232133365184224	0.00294639267174419	0.0940602764835004	0.000328631251545572
navajowhite	6.21531638735941e-18	1.55628750970062e-09	5.43594351125167e-09	1.47220979380178e-09	7.14617920939498e-07	2.47864730243249e-07	1.97106278133208e-10	4.80230311862325e-06	4.4090660083582e-06	0.000119251371295988	5.70351698515359e-08
navajowhite1	0.000112344833613665	0.0299522774950048	0.00306498287869708	0.11160622131065	0.135452153957414	0.0787501791295191	0.163999644483567	0.000370251244455926	8.6362615206001e-06	0.000868711136178421	0.00100758519974423
orange2	0.000465775450566173	0.000519840476787585	0.00729037954751583	0.000324349541505405	0.0246333596071466	0.0118255341764826	0.000148305494395812	0.00311270841664722	0.0494559623546818	0.00465805517502158	0.0208804361893461
orangered1	1.35518927832513e-06	0.000126475981748983	1.13254551339897e-07	1.30734499549445e-06	7.24392353637219e-06	2.12451040832704e-05	5.05539749967707e-08	4.23622688176547e-06	4.80883228463154e-06	1.37313241058895e-06	8.60548827800276e-07
orchid	0.00320081943089066	0.0634438381738028	0.0209810412669492	0.0163560627653476	0.0961113310136624	0.156320787525033	0.0571937196857332	0.080528357322381	0.0520123831447885	0.000162446478286714	0.15839467450813
palegreen4	9.85963860193753e-08	5.71019265849951e-05	2.82610334836426e-06	2.3165506261014e-05	0.000876060653756541	0.00306644597751259	2.11936339607296e-07	0.00056596389170767	7.03284385501669e-05	0.000142625224712093	4.14512347771744e-07
palevioletred1	7.30788169377834e-08	9.70362568179373e-05	0.000170849060153293	0.00107546156009183	0.0163443506252035	0.0018431577937992	0.000420830139447661	0.00186655194622422	0.0116647039719584	0.000543857215166424	0.00948222741752176
peachpuff4	0.00652306462921622	0.104599499685495	0.1721030668286	0.107009750566632	0.540426935106933	0.621230519100399	0.170209988167856	0.507712506068477	0.557002514028366	0.141133254081625	0.260112806795133
pink4	6.01120710448527e-08	0.00126341792750984	0.000519973503933335	0.000791413972329205	0.109929717974374	0.00142350177047782	0.0028256171031865	4.76506007506387e-05	0.00477736178232973	0.000415437701364989	0.00400378560290351
plum	0.00889574052656753	0.0213430406314706	0.00611510407983923	0.00572674777131192	0.000791691848518615	0.0632094139493938	0.0174164502718784	0.0659507362132751	0.106257669151654	0.00207748618480465	0.0293016287424499
purple2	0.000338497084477492	0.00508819433102	0.00700568570240838	0.00166877465412278	0.00040306954117017	0.000209981518242434	0.00881378224078392	0.00905038274192213	9.54951791968793e-05	0.0209683574705044	2.74457487307515e-06
salmon3	0.000105010958380308	0.0083044945539551	0.000391186821863139	0.0215306124118237	0.033026450880578	0.0315525744287679	0.00219905662194216	0.0244570704852898	0.00362364402389127	0.0040949404652033	0.000264807814747807
snow4	2.43180481636816e-10	0.00137188983771772	0.000152995727418284	0.00115739591765614	0.0252674264032114	0.00890618368353843	0.00150239665264439	0.023205078302504	0.00241053989771738	0.00532510946982815	0.0019171287438945
springgreen1	7.07045443713533e-07	0.0412810686224959	0.00512159844266688	0.0175360824885666	0.0236408655159088	0.170768387541597	0.0102528068156384	0.0199196487735976	0.0376323809624729	0.0186535149308717	0.516412409619725
steelblue	1.19393590590359e-07	0.000725865518123751	2.22435770113919e-07	1.41114801740369e-06	0.0207805390350129	7.68643843498424e-05	1.54523970926655e-09	0.134354971312015	0.000154358124305729	2.37265008369527e-06	2.42213217994743e-07
thistle3	0.0666491391501494	0.0335606452718857	0.0412453717600078	0.335575980757139	0.217322234262587	0.0444191846894496	0.154558842199866	0.220942977844334	0.214076369929482	0.319834897434569	0.183752924070629
turquoise2	1.80125524736258e-06	4.55110234035496e-07	8.64236437457018e-06	0.000198855604580355	0.00374811802235372	0.000238239509818675	1.10053913103986e-05	0.00035844299863782	1.91543666726896e-06	0.00272905343752653	0.00270315453681366
turquoise4	9.28762016795473e-08	0.0103402804340788	1.24405077692995e-05	0.000106873001999455	0.00961044541867967	0.00224394312660632	2.30409922719966e-05	2.43944492524947e-06	1.48587302082642e-06	6.70885833101318e-07	1.5590921780604e-09
violetred2	0.00841418806281032	0.0259767547526894	0.00267699142350374	0.00584100026539073	0.413581987887157	0.0416145237530894	0.00421243636146218	0.316115516398164	0.116781353872233	0.0229025729757124	0.0335168000497612
wheat	0.000109214475666512	0.0378553732885519	0.0258163643689523	0.0242533309626959	0.121012474906738	0.0118658712967105	0.0151424031413573	6.07392231736368e-05	0.00130005590714237	2.37192485265505e-07	0.114998938295506
wheat1	0.0188302515892845	0.00312679756171329	0.0176782566046238	0.00394236471629407	0.000336372807227109	6.81964021409208e-06	0.132240677533871	0.0114261182598311	0.0833213986437256	0.00801722128877866	0.00113881686010965
wheat3	1.16357891167348e-10	0.000449069370106958	3.48075471943208e-08	0.00109288288413114	0.017993353195222	8.38859334354894e-05	1.55525371047721e-06	0.000254013122110136	0.000948541873965891	0.000648816698666498	2.08116602599104e-05
wheat4	6.34312235985008e-05	0.0699971145106331	0.000278700835207729	0.000897743836503675	0.597168305740602	0.0262908162234406	0.00066425878848645	0.00227886159652883	0.00162753535159697	0.000110525009538081	0.00795766862084938
yellow2	5.16730402243582e-06	0.0132809496150128	0.000415954832165081	0.0260886417417163	0.126735927885872	0.176657978574384	0.00534592901114154	0.00014928093182763	0.00209363052617084	0.000298353890512145	0.0105399302473749
blueviolet	1.87071145725626e-50	5.89336212250402e-63	1.44602356012474e-68	8.79453313120734e-67	2.39299986070488e-15	2.16481592122982e-36	2.69327943156915e-74	4.76577130123118e-18	6.71673252376348e-21	2.03209573169441e-41	6.38320711787959e-34
burlywood1	0.231005402988996	0.397171777738994	0.438431677006482	0.566053073447969	0.188119687637354	0.844465365623218	0.477190312925204	0.578380749408218	0.582244576147699	0.810352732695817	0.660395561761255
darkorchid1	0.0918552776198138	0.530019460594767	0.428111397166806	0.319697217045162	0.13226914896086	0.857848758404156	0.423494376788092	0.215973201311763	0.289956376827864	0.123772983915821	0.193563121938426
darkorchid2	0.00402658308522772	0.000222365912784309	0.0281317366636558	0.0296848572103233	1.01106595162772e-05	0.000360845049648071	0.0212208467970162	0.151351200017592	0.00670361791156024	0.496865535033384	0.000386688373949527
dodgerblue2	0.221390077286722	0.344072913047166	0.550229149023181	0.550702580549268	0.163987111841614	0.360365637975911	0.651579997217632	0.734077178127214	0.627267713401481	0.194015364713907	0.593134384323715
dodgerblue3	9.88812472124727e-07	0.00428785204563817	0.00167952902208941	0.000679980267525933	0.403264321993379	0.0760529111325218	0.00321355790231979	0.000465119123481129	0.100127082607757	2.99280297213155e-05	0.000493758530119881
firebrick	0.284679523690157	0.118747000052843	0.199387171861954	0.0910246653914746	0.475617535968435	0.752181292082933	0.0173916075936728	0.460021345105659	0.335843480648746	0.514646032331005	0.00965720175625385
firebrick1	1.43747923406337e-29	7.82998199624838e-28	5.3422696078005e-31	2.42453209625424e-29	7.12960092180451e-17	1.36240763574405e-22	1.61295988477595e-29	2.10137143433627e-15	1.81722870683163e-20	1.69838091711407e-16	2.32222030024317e-19
firebrick3	0.970397300135315	0.230317008027249	0.858062237524397	0.898344529894022	5.82707951242041e-09	0.0502452111284466	0.934024352832525	0.99600628264246	0.711566749746542	0.999999165560948	4.42998454436116e-05
hotpink	0.239695939924423	0.00024571702671475	0.0874703090634033	0.0287850666725048	0.00939357286067994	0.0015717812493423	0.0164462504735971	0.100962602434326	0.89825512902607	0.28552327544979	0.610052257056128
ivory4	0.000767694558523784	1.0943561280523e-05	0.00151419706166134	1.81828519612322e-05	0.000164586494510414	2.37629915537617e-06	2.65838758159459e-05	0.000944359791517374	0.0600331561117557	2.1793955300355e-07	0.000939992313449115
khaki3	0.0143162807421099	1.00474121447988e-09	0.00105659250383452	0.00134068618091181	1.06188927795839e-12	0.00943969562738516	0.0892083826467871	0.00213419810901986	0.000558784740610843	0.645165750548313	0.0188032358688815
lavenderblush2	0.492992042222216	0.198966595360624	0.161745904214398	0.110544796820475	0.00775380808186926	0.281591613497224	0.204824156802788	0.257847954791091	0.16494198743102	0.157525281169985	0.0175069308728807
lemonchiffon3	0.0617333218433622	0.175722455329035	0.0804643840176484	0.107218141024955	0.346848703351326	0.607212417265331	0.142573864600614	0.0371062176062518	0.00596238411296903	0.0485719886327568	0.0939761712741039
lightgoldenrod	0.0519082196734205	0.0256153282758695	0.0199722566191325	0.0634222169043802	0.186766949574585	0.0679233599863116	0.0240620810403972	0.0216657827645892	0.00214880957300342	0.000916211154792144	0.00631592623534381
maroon4	0.00482753110622785	0.0139907343597861	0.0104805877611726	0.031138526941985	0.000841735554603291	0.00710644777047071	0.0163859574539191	2.88139958424184e-05	0.00191897845854485	0.0217875875269891	0.0746657590509997
mediumpurple	5.11069222232665e-25	4.33861164793024e-21	2.51024154737392e-22	1.78811407563909e-19	1.52076703796428e-15	3.40359171033278e-16	4.06674144923793e-21	2.12856527228558e-14	6.48303969398268e-19	3.30071897855268e-13	5.41284582319593e-21
orange1	0.0297860246923096	0.0496188726853752	0.0019560597594985	0.00525780496068127	0.242328913011393	0.373463660172322	0.000142301854054073	0.0090101346736782	0.0192737165349729	5.47121937678461e-09	0.0946688032233501
paleturquoise3	5.85771175826572e-16	5.4580759986727e-33	8.20003237046559e-17	1.71235657351013e-21	0.000190131852777379	4.56796469639191e-15	1.53855009266703e-24	0.000112754031906283	3.4551765355608e-05	5.2089817968321e-06	5.58022293015313e-06
pink1	7.52681093296456e-08	0.0249434345658591	0.219496825522059	0.143046616713941	0.189941583229719	0.355874718885722	0.00710078429311066	0.0145060464796255	0.0510132363716798	0.0594709591608903	0.116452366167134
purple	0.0247893348876194	0.189521758860139	0.00816432568545191	0.0390320973753603	0.0107739428189663	0.116403046946432	0.0420803826658684	0.00167153985023045	0.000546653912406688	1.52339982536721e-06	1.02581548117922e-05
rosybrown2	0.964686904471551	5.52798169580518e-09	7.46016779534106e-06	0.642570575723607	2.86893647733394e-08	5.78596082507251e-07	5.82526849114159e-05	0.919062469917083	0.0902715494800309	0.997069982526836	7.97347181836977e-08
tan2	0.00125531390164621	0.117478918410115	0.183786170368765	0.290005219096496	0.134173641162187	0.268004408086082	0.430009468863595	0.0445083093635064	0.0648838045418332	0.0463622926601764	0.00694817950238776
tomato3	0.754393946552376	0.243300931336857	0.542553065237481	0.383942147245119	0.190431317884979	0.210720359620046	0.324328896402684	0.897123502218091	0.737934436560661	0.728734524660242	0.676360882311776
wheat2	0.00662512837868465	0.00921464107612636	0.00139836053229358	0.0087233229496923	0.254786468659037	0.667550377232397	0.11219616339655	0.113808823081675	0.0422709578440519	8.55193453036333e-06	0.0138024450837672
cyan3	9.29954886944079e-23	1.33687303191021e-28	1.81189053429737e-38	3.93982761535417e-29	2.56698461973771e-06	2.46866099456861e-15	2.50460797921616e-39	4.18606717399353e-07	1.46928795209783e-10	1.27833277304721e-16	9.18807822823562e-15
deepskyblue1	0.735372034224908	0.467461081626445	0.661566824400984	0.646522930062264	0.71638305673624	0.855405719163824	0.670492336857278	0.394484160584496	0.335275404128366	0.504847932172935	0.248748302238458
goldenrod2	0.908041292451383	9.90928724766203e-08	1.37191985620945e-05	0.316737197370164	3.33828787623079e-08	1.20777520544593e-07	0.000170874655648651	0.854770296277887	0.0264865763074785	0.984840014321702	2.3681735146727e-09
goldenrod4	0.124565765247826	0.000172690691127284	0.000588893635303937	0.080805165320557	0.00361796105958374	0.0044757564233313	0.236763401664633	0.568592196625909	0.00480852706613404	0.374305863383696	0.00545741811017021
hotpink1	0.00135549622671455	0.000815887129811696	1.01845856833971e-05	0.126937018550839	0.000896790001147184	0.0825624680777715	0.00193163780450369	0.0101198326038522	0.00362922403622215	0.0155483231537097	0.0010950662968038
khaki4	0.9500491581136	0.728539336976952	0.960057814851745	0.904209421363744	0.0938219701902632	0.157530639371251	0.977578284647601	0.245413170422739	0.401015341620463	0.867310831438728	0.235118673681578
mediumpurple2	0.443954213493675	0.404178668554396	0.0699385769133213	0.660338565346888	0.778273818081273	0.0406871968081823	0.561662901124599	0.206301202149182	0.509318853013607	0.0122131476479876	0.125820042545499
mistyrose4	0.0234539541996656	0.000121207405665699	0.00165582580058964	0.0135844875124186	8.56252184269048e-05	0.000259410663944264	0.00508936463399839	0.0411877075733907	0.00870456754177502	0.495382716011886	0.000515292322552255
olivedrab1	0.817467264974033	0.0010896707310398	0.0199863566736221	0.171125612845029	0.00151182545095325	0.0564058161379652	0.0455953407318707	0.968292918060567	0.761449502545073	0.792727703317585	0.00842116872598286
palevioletred3	0.952258720807307	0.733324503731646	0.982021981374464	0.962345711729774	0.00030428323142284	0.487478397240196	0.950532458289666	0.999096861451558	0.790311310219082	0.999248727386999	0.0152137809371219
pink2	0.338711376578063	0.717017916197195	0.00382470984964936	0.349380945880758	0.833605136767831	0.877126041639101	0.36898130664019	0.658638904618422	0.374284137852301	0.322759119618927	0.925106942155984
skyblue2	0.491162523582613	0.106815770223935	0.333151800506028	0.487436190543717	0.0885562391138718	0.100471376914169	0.602362963954697	0.460164562599597	0.412965154389267	0.910646454710854	0.014583993004423
yellow3	0.000391544015000872	0.000268603597711088	1.10816985507356e-19	5.15947179129849e-06	0.00407432118799966	8.50294899567056e-06	1.0895680523544e-06	0.00117578639211713	0.00379800899854681	0.00225392638751998	0.00446360774936519
bisque2	0.864941421388365	0.000928770546672706	0.00640887801799581	0.883979731722971	0.00036014826100301	0.0350924812165785	0.0444444883992179	0.777797105047756	0.0410183920970221	0.944145977829035	5.28150163549735e-06
chartreuse3	0.000510138943489743	8.58699724400035e-06	4.0458883247326e-09	6.79486750719737e-09	0.0212035727312586	0.000229153519152855	3.98055071297717e-08	9.05166031884527e-05	1.14655843110836e-05	9.69415081030243e-10	1.37270289677141e-07
cyan2	0.00391687336318479	0.117100069451972	0.00073147649546615	7.03899092511488e-05	0.617012600615255	0.435112169787913	0.000174534946624804	0.0443417215317488	0.0241524404184628	0.0231886635902653	0.00224326790246516
darkolivegreen	0.00827481736687055	0.110709223291215	0.00427252126762101	5.72904221186726e-06	0.46783658775293	0.0366804275696783	9.4468287431203e-05	0.00739766108857167	0.0166639937295902	1.78019107854804e-07	0.00153726126639209
darkolivegreen2	1.56872961260761e-46	1.01184412984899e-32	2.41023102192425e-56	9.52034821708363e-44	1.37430141997621e-08	3.7595750179423e-17	2.04652801561383e-49	7.53726868413832e-16	6.39154531847618e-25	4.90495162056635e-37	1.80954448987189e-21
darkorange2	0.8108885344647	0.0557267130253594	0.669081203479581	0.0126206551189	0.0246671092532153	0.082803298093571	0.245394595028607	0.183143324737091	0.563842293903341	0.713312348654492	0.396038934860655
dodgerblue	1.10806834958184e-35	4.98605389688673e-37	3.60977235275021e-45	2.98512497585073e-31	6.07272378725433e-09	1.9824198028334e-18	1.27665259635811e-43	1.20942743269866e-07	3.26606491114427e-19	4.12836004436902e-12	2.25573493708082e-29
lightpink	0.00708640869388294	0.0417711786735168	0.174087716529012	4.58145277409643e-05	0.00528826261045296	0.00600356669362063	0.102378329275957	0.00742622437595499	0.00452480087104094	0.0110322365532516	0.19247732616208
lightslateblue	0.88574183006075	0.333138095302671	0.0395931906406609	0.0526794401614557	0.538280251836017	0.632738507572336	0.114727098127651	0.253788267599065	0.344047579425439	0.0859196997643286	0.0677538188742783
lightsteelblue	0.335046013791283	0.418570762413747	0.0189960848220932	0.0132558095576158	0.175411039790264	0.208786273362662	0.000301382889734026	0.0937524259733097	0.0146914641091045	0.000770786604931825	0.0058361906574732
navajowhite3	0.798892378359011	0.814228500208122	0.73011916364103	0.850702459134519	0.820134498147426	0.214385834932996	0.307922201743858	0.142153609777654	0.247499836782864	0.214784784733525	0.19137457048413
navy	0.0193320864276546	0.000340133621031449	1.86328323062593e-06	6.78931425989219e-07	0.698694996533421	0.000404927707926182	9.34389705893923e-07	0.14473495280128	0.0481900000305525	1.82743007344165e-07	0.0238634847233486
palegreen2	0.00139284573541428	1.4628993020055e-08	0.00307375920779186	0.00478915096975213	5.74548524929244e-26	1.61742967036504e-12	0.0018560434416935	0.0334140324254548	7.89109966150396e-05	0.86001773236146	1.00277585969916e-09
paleturquoise	0.00830243289737685	0.000898955293184584	1.71774770792902e-06	3.88330908123236e-08	0.0053400775254122	0.00214460432977899	3.67886676189039e-08	0.106011961982561	0.0170193753750606	0.0486419432483013	2.49177324005432e-10
powderblue	6.42114755683692e-05	0.0206614388738286	0.0251558741904637	0.000307291332760911	0.0837050060017178	0.000829425701317264	0.000743551657655648	0.041963282761902	0.0225228201182106	0.00129976906847984	6.28660190898688e-05
royalblue2	0.00451774289155627	0.004775293939424	0.0192510109122319	0.116230151739981	0.00722953899242432	0.101563590140545	0.23866864892989	0.00389353620712902	0.105134819937817	3.709498801817e-05	0.0975621226305217
saddlebrown	0.00497754488514621	0.00865450574560465	0.116193085098862	0.000605455086724633	4.6404246875371e-07	9.91333597562881e-06	0.0218050775240996	0.000101757226324514	0.0023248221712337	0.0482168917641657	0.0148670738831507
tan	4.04404089561627e-12	2.54836159481077e-16	5.63404201207964e-12	1.20276123030405e-14	9.05590574091034e-05	7.6110132131349e-09	1.9843491373584e-14	0.000481019998332247	0.00028900011479801	1.4657318482726e-09	2.10697692315934e-09
thistle4	0.0628043328089583	0.0916359388561323	0.157445989536161	0.0654622945332043	0.310980452780351	0.144700528007677	0.0755215167631459	0.18628583809259	0.151852137760014	0.116652692371192	0.161542263094268
tomato	9.88872076572429e-07	1.5023823684728e-06	1.37704991953132e-09	2.71287712295024e-11	0.00969874506689239	8.63200707012805e-05	1.59635148435483e-14	0.000312478076024095	0.000152123144495703	1.18012635110377e-09	3.78046148455609e-06
violetred1	0.0174886494856307	0.231273298038275	0.0308450084649665	0.0535241049605099	0.419065099169893	0.143174499117315	0.105228042675395	0.102452348475666	0.0390410710207143	0.00385088001514252	0.300144108679109
whitesmoke	0.102525161194846	0.0683691604591606	0.0548555438281844	0.0223960779621383	0.689159712813483	0.224969121069094	0.00158698647512788	0.242594169638743	0.146053759763181	0.0637194929865218	0.0265472530495289
antiquewhite2	8.27313150897529e-05	0.00023616776032374	0.000822903661829819	0.0091620655258328	0.00114764974011864	0.00245944456216784	0.00578581044092318	0.0201176779308589	0.00657446558229564	0.000184427456524359	0.0108509394005726
brown1	0.00749233459833379	0.127307555811403	0.282616198397202	0.00791721042569144	0.00295119186717257	0.0781652766906235	0.0556093811346892	0.0606775239904123	0.0374293389595972	0.0214456463394626	0.0908521450422068
chartreuse1	8.70157296942765e-06	0.0541499114066638	0.004023244507929	0.00402551656583451	0.0149175126191452	0.568651343177796	0.00131732525577062	0.000115911892952776	0.00427317819102947	1.81080818756658e-05	3.89009373263038e-05
chocolate2	0.82525322755673	0.799490854029089	0.949962772437061	0.730767018409785	0.224698895724233	0.460657998854876	0.969556746994562	0.723559956250091	0.82968424221447	0.439225244094589	0.258980428253069
cornsilk1	0.911489317334071	0.97496876555137	0.990855273889425	0.990174211118041	0.815012252541134	0.827050818484103	0.984234682584382	0.184611159348514	0.646939793315888	0.673474153105601	0.963692461337167
goldenrod3	0.923185388416743	0.0475424348578151	0.451012378169468	0.893368194302593	0.0167925747160006	0.196111387692217	0.32757357351061	0.980079274152193	0.675079479781571	0.979588217193184	0.000536966645872703
honeydew3	0.000881365369040699	0.00719644631757304	0.00167767770347833	0.000219941308465986	0.0462564379140194	0.0203319963777473	0.000829430032261498	3.76686836199424e-05	0.00404135023208683	8.95179820514398e-08	0.0245151018689717
hotpink2	1.00665595759697e-06	1.04028849357323e-07	2.05242008840684e-06	2.0293045940773e-05	0.000221483452910798	6.41992350608545e-05	1.48035412798268e-05	1.00358489077102e-07	0.00252776447023738	2.88665111054725e-08	0.00175490269374922
hotpink4	0.121028975126246	0.00495219872673363	0.703240175714604	0.284181598814229	3.81692934853034e-14	2.62409970136976e-08	0.545866043664748	0.014993460609437	0.00158158200271395	0.128722907155349	0.20573248410234
lemonchiffon2	2.19333798350617e-05	0.00074341939076073	3.41295810114596e-05	2.48434918388637e-05	0.00535723231945965	0.0327598100397946	3.91718722321373e-05	2.73083517945489e-05	7.00626277721436e-05	1.05613731393556e-09	0.0119845202321937
lightcyan3	0.000380535121013585	0.0677201233718095	0.00112426596531499	0.00355971431525277	0.103139194061365	0.373808832877972	0.00387580326853105	0.0244527656594866	0.0222299850209812	0.000856067662786649	0.24226516022618
lightgoldenrodyellow	0.90423168484324	0.677526691798724	0.878344033734938	0.906786569916072	0.972332532555837	0.805138718606541	0.627197675802868	0.448376550303123	0.874394521436001	0.160126048073775	0.727473261001966
lightyellow2	0.244917538209513	0.300990870608672	0.115970354036446	0.882193742238026	0.796754719659259	0.488982717990177	0.477197067828755	0.586463121351756	0.470146755658537	0.0491636533888837	0.607622313236412
magenta2	0.111004955556413	2.08978498910472e-05	0.0227353123268799	0.18034854850468	2.26175072668864e-19	6.42844002951416e-09	0.0574998074396701	0.343150922144285	0.00123048631470281	0.991934727884445	4.41015026900216e-10
magenta4	0.0047864579888787	0.00180940880546709	0.00203466518897162	0.00380993531030726	0.0103103277059143	0.0286309734462611	0.000616706061647974	0.00228331296539083	0.0490653577789848	1.39452371200714e-05	0.137177846217561
papayawhip	3.62988355833836e-05	0.00246065247372497	0.0600060719794626	4.55064014719079e-06	5.15977316570063e-16	1.58280308142066e-13	0.00243941268455667	0.00895876700583143	0.00670175262865965	0.356976271888167	0.0138693333569742
purple1	0.00126471159649367	0.00993661678481204	0.000326505500598424	0.000911029057402055	0.00204699001568765	0.00137012515964787	0.00991658664457256	5.81701556675027e-05	5.71772863807606e-05	2.02981165426618e-06	0.000144360976079757
salmon1	0.158975740218589	0.0526216905638822	0.168382006200213	0.402403687788638	0.474737374062993	0.416709578655201	0.00773834614528536	0.762240474080226	0.382339051435144	0.346781391870803	0.0145161243640628
seagreen	0.000216820858954005	0.0697306908121778	0.421602930878815	0.128219239865796	0.273544880220505	0.246081025742695	0.314208168795635	0.117736994825093	0.576719507853196	0.0259238160863377	0.0210177768596516
tan1	4.31035065157812e-08	0.0604785562503755	0.000174119100300256	8.34899296988258e-06	0.0162667845314393	0.0995169841625319	1.16127716120182e-05	9.83559543544321e-05	0.00984054406606392	2.70862614523173e-08	0.00168634579813134
yellowgreen	0.0199808159486185	0.0474928843766461	0.0128283517027699	0.0203414902374538	2.04546960483229e-10	6.2832199428122e-15	0.0330182667436787	3.63705336888408e-06	0.030584681835366	2.58486952105577e-06	0.163900434726738
aquamarine3	0.0266049445362607	0.0614416929472725	0.0838857169624677	0.0345942388339139	7.56397065657549e-10	8.64201523685537e-18	0.00407423308150823	8.11796916121957e-07	0.0486647655473958	0.000487995271686746	0.0324102478866202
black	0.690753054744099	1.07399037761279e-13	5.17456741591155e-07	0.0906972545364397	1.68040492886044e-09	2.15077573017015e-09	0.000153515223942655	0.746887109611231	0.00864318956522804	0.851621276699335	2.77789488499206e-06
honeydew2	0.0336310536770993	0.00135330251079919	0.0200015785137924	0.00438405303233148	0.0806873670477165	0.00678825072297877	0.0347750220212652	0.0754777856694888	0.00581177012051596	0.000404095991603526	0.00147385947013983
lavenderblush1	0.0544937280051423	0.0591599043059293	0.0563802951659938	0.103980779302954	3.85563857758655e-06	7.9773708195389e-08	0.0276066991345511	0.260347623293558	0.0136805483610841	0.14245413779474	0.00623283243597744
lawngreen	0.156632095590184	0.499117185910464	0.179933144622043	0.160241123875899	0.749849153686478	0.378749034504618	0.613204739159032	0.0834194783736841	0.0841469083929147	0.0371485444410326	0.0497241858180309
lightcyan2	0.0538683938493587	0.446629062714748	0.125828193060004	0.315719188830995	0.121699407714805	0.0161000525846229	0.126954352732083	0.177344081340739	0.0866491262835012	0.0957412447001238	0.0251586266460517
olivedrab3	0.143815833064768	0.0271090831063362	0.470228632819861	0.327153445305751	4.00275219854154e-05	0.00174102231051629	0.441393668449536	0.0359271518795417	0.0139291865482743	0.422432891957028	0.0850078390312502
orchid1	0.00704567173489741	0.00540552664229812	0.110011668353113	0.00215434652539072	8.18970581217376e-17	1.16196319118891e-05	0.339165831965908	2.44325931917435e-07	4.50673524732803e-06	0.00668649910585722	0.0199009493596875
peachpuff2	3.21685173405227e-59	4.05899749698327e-66	1.00976523495845e-87	1.3514670155107e-78	7.74653233125451e-20	1.82699341319268e-72	4.1546940804943e-100	4.03687790620349e-28	4.5723699491784e-31	5.1531098961067e-58	7.76090445907531e-41
plum3	0.048213598808072	0.157032660244191	0.297700078988697	0.268618402908301	0.808990759487919	0.601924386495978	0.106463017432404	0.147627114521209	0.0184962763316106	0.0508195056857254	0.061106010499826
sienna1	0.982271767242671	0.897233037610113	0.99468625792257	0.989115741757168	2.6446987414094e-05	0.734175096074086	0.992883684453763	0.998615757387641	0.889494051867356	0.999931867778264	0.0510502452482846
snow	0.0803569414361166	0.0625145786866618	0.0385352393105553	0.0451979253262893	0.141677627101154	0.0474404003970167	0.14105647681576	0.364293243697006	0.608496175301831	0.720406162354816	0.22942544393289
beige	0.818045351010181	0.246989481315719	0.907803580745796	0.957583370798084	5.92121685536328e-09	0.0780052391884654	0.956562984807672	0.988036016342442	0.554557393021092	0.998947066927407	0.0521212721715733
blue4	0.570503353696774	0.000119640072614588	0.0127782844336175	0.131091597134583	0.0104846524719391	0.0266094441423199	0.0130604301182247	0.878170551988423	0.4738579602637	0.57196802628413	0.00256923590270584
chartreuse4	0.142753007369072	0.0225646026810622	0.125510495070931	0.0109573623986569	2.28952257693287e-06	0.0093593025523193	0.0710720466028155	0.00180666566232882	0.0771660312585654	0.0236108603681816	0.000825971885433066
coral2	0.0352108693575012	0.000523564694421781	0.000202864920345762	0.0324240724501986	0.00997932088704701	0.000129753445109448	2.09610904612954e-06	0.0341218208725395	0.34770686752662	0.446157388255812	0.232255983444147
darkgoldenrod2	0.455585242956052	0.0650809518789436	0.0946805305740666	0.590435467602765	0.00307986027403168	8.0206425388569e-06	0.000243212704894785	0.219996234487701	0.476564242085536	0.0264397392937139	0.500655586984409
darkgoldenrod3	0.0108476997040958	0.00232512620999693	0.000679926099208235	0.0273605753635984	0.0213385558000015	0.00417623738443293	0.000176229165980586	0.0481549523495832	0.00929518066163591	0.0407605024219873	0.0449958968420965
darkorchid	0.0977175770837901	0.0139115830194813	0.176473051550143	0.0788544725674564	0.204278568544911	0.346161426835317	0.0746739468974369	0.0473024701615939	0.0626885232821994	0.0372473495984405	0.382200324054481
deeppink3	7.53111222174791e-09	5.34590663030417e-14	1.15757063269661e-10	1.92405812592452e-10	4.81862423743345e-15	3.32973033782337e-10	1.79787063981592e-08	4.5165440506062e-05	2.73694358251308e-05	0.00289161336584498	9.05757183489327e-11
firebrick4	0.627296312415919	0.894703027769088	0.307596266347843	0.618697965121047	0.811470622850854	0.647995852017873	0.220169774429561	0.422523715619746	0.194932928257688	0.0703913175937163	0.633339058527824
ghostwhite	0.24761517762828	0.23553607604076	0.117900583106051	0.0729397144817822	0.543155384594526	0.00888202204450136	0.0109385003833435	0.0362887188285727	0.302373601966437	0.000656793223532985	0.0430146804714916
greenyellow	0.00010428570879968	0.00421615053430368	1.98277056490947e-07	6.91048528305613e-05	0.411296558021398	0.0157273607384723	1.99960882004946e-09	0.147357479051888	0.0335093361788802	0.0214276466943889	9.39048751660914e-05
ivory3	2.5340591571164e-82	2.4147317315346e-101	1.93313783775874e-131	1.68076467956813e-99	3.62985407967935e-22	1.52280642988299e-47	2.51484602450784e-140	2.45527449217798e-27	2.69944934847321e-42	7.78091390056183e-56	4.94061209942436e-67
lavenderblush	0.000111494181022028	1.86155778856556e-05	0.0128120885639975	0.00203878351698286	0.00965404063433138	0.000183838028134077	1.74348487832852e-09	0.275906232053252	0.250732352329788	0.00433953278549819	0.0781400525719467
lightcyan1	0.914749900403789	0.89471264723513	0.954130257502902	0.719036878517882	0.305721430834326	0.805502727131376	0.581003869433075	0.962531562657387	0.593171172406399	0.862622707612429	0.475350002005656
lightsalmon3	0.00146711796722904	0.00116885810414131	1.16628139007557e-05	0.00981136520683683	0.0847112785749291	0.273361287064245	1.51040136601698e-05	0.157333570328676	0.112121692029038	0.00597229859826199	0.0014408316212444
lightskyblue	0.0167465958366616	0.148997221773656	0.0780422728002752	0.089896728923396	0.297255002737952	0.169544654497147	0.130792447877435	0.653433695278148	0.338528637963435	0.789986395086297	0.39434818990702
lightsteelblue1	0.923730919765128	0.991642031446609	0.996419822223961	0.996018923404446	0.992342022670362	0.993868760552234	0.97595410712793	0.976367944414785	0.986486480355025	0.955559764593507	0.830699386206386
lightsteelblue4	0.0862266036593929	0.540554782935404	0.192021672362744	0.0111674294010191	0.0663546659970722	0.0564044179948026	0.0228471921115368	0.000908537337264116	0.0224327860260942	0.00295138180596418	0.0361850650538327
maroon	0.000147403942600859	2.26033810889537e-06	0.000575315244560647	0.00029783007405811	0.0037317815658393	0.00710186888915516	1.78074317642402e-05	0.0299230685824377	0.100770489591253	0.00247460974531902	0.167662479529247
mediumorchid	0.297719571050054	0.961183806403202	0.184588731908805	0.462970130389589	0.16596973768269	0.12759126009987	0.152703172034128	0.446994402072498	0.167299380833538	0.192028945108196	0.0189562660979321
mediumorchid2	0.994705417515311	7.92228414548779e-07	0.00488623203999334	0.940367033255876	2.15635174139329e-09	2.19725985105066e-06	0.0154043603011055	0.937408738590732	0.0172841598003642	0.999852441747467	2.48609533265269e-10
moccasin	3.83191716880393e-11	2.85179345407777e-16	6.63251340796598e-10	3.38182497673149e-08	1.7055992945476e-13	1.12919893543123e-06	8.68233937429942e-06	5.15668257132085e-07	7.60133220952517e-09	0.000137287076856852	1.36563621836374e-09
orangered2	2.40067141998118e-17	5.06183956637941e-12	2.69900577924254e-14	4.85587396261184e-10	0.0125360831165205	0.000234877362395879	9.08253108587178e-12	9.18858075065554e-10	4.34322800248492e-10	1.97527412619224e-16	5.93705212093617e-05
orangered4	1.03157427401803e-06	0.0168263723453009	0.00731482181305987	0.000256803658020356	0.00344677987800483	0.00570931140104749	3.36776794104198e-05	0.0167924106550559	0.0554648916263246	0.0105152580609594	0.0102702082725176
paleturquoise4	0.0309785472333428	0.117838628259875	0.0216349393595242	0.0147238584661465	0.216073005312245	0.085398156086721	0.00193123828286438	0.011913086729584	0.0294863256982675	0.00123020612946885	0.435768055461218
palevioletred2	0.126825045859145	0.0564893783946632	0.000985955304708791	0.00253984992105867	0.0708019739984858	0.197125585038342	0.00125217747938471	0.624393844814242	0.524311981205679	0.328131915211052	0.0855514717579562
rosybrown3	0.104990276554576	0.425096933905399	0.0819831140031412	0.159631694907805	0.197364671759781	0.0919871637825936	0.0301586618744516	0.00713041750706696	0.0163227281800421	0.0486175081714633	0.00273764538767922
seagreen4	0.223311127180318	0.736004911235541	0.0905475837724512	0.283633601207517	0.996713974096837	0.777836570608595	0.00028608494431475	0.448433708958503	0.785181325973164	0.256227454727661	0.199383138805686
tan3	0.743008972090689	0.587230784766114	0.563683635779597	0.232470437870249	0.101569826628307	0.481025499998975	0.69850207859946	0.0328111340623726	0.0946686975892636	0.21775162311693	0.0214141364628786
tan4	1.14890602381599e-52	9.90462250655757e-46	2.33337609141069e-53	1.11667211628154e-42	7.15086862243413e-29	1.51686906033081e-31	7.91722093975682e-49	6.54424778381432e-23	6.15676382834106e-33	2.18740902780037e-23	4.13949757834979e-41
tomato2	0.000793168741056583	0.000102741466604968	2.85902081737692e-06	3.89868219494389e-06	0.0244644051494014	1.55043899862221e-05	1.61842298965649e-10	6.97351939753501e-06	0.000767706286546185	0.000187175284873845	0.000194423561875057
darksalmon	0.00906969046814393	0.0656348870088975	0.14807278645473	0.00800444064695947	0.000114751368718236	5.03557938044911e-06	0.016105622973348	7.49958956414113e-09	0.00204287451598293	9.56674774415145e-10	0.219150724726681
darkseagreen2	0.00011047574500419	1.3832211493084e-07	0.000266262442062892	1.48812657936408e-06	0.000363985293847633	0.0240612494103317	0.000791747095585639	0.00178562803184827	3.95044097761318e-11	8.54454211460439e-09	0.341193201863162
lightcoral	0.782675268454956	0.000585163526999366	0.0082687554772131	0.385591002635514	0.579082392171132	0.405507168370083	0.112926201584743	0.895767735287681	0.613720625366739	0.47024818941639	0.0962676331809356
limegreen	6.81227577074046e-07	8.84336439930917e-11	3.69204177203958e-06	0.000138839240412173	4.46426365808565e-26	1.34659825309819e-14	2.42074611848296e-05	1.32738843023935e-07	2.23134508226526e-14	0.0139962063395988	1.10709874875131e-18
magenta	0.823488040170859	1.72825954578815e-06	0.00154849961020506	0.746105544233495	1.56256285880288e-05	1.57242922859344e-05	0.0352946914718358	0.952834751953837	0.159726190859124	0.999402037954987	0.00480175289870331
mistyrose2	0.0641085294181027	0.0235371889920132	0.00711156939022763	0.23879725514688	0.160733928039506	0.125815525837269	0.282594156296907	0.0577133123361316	0.122376329677624	2.17588119159643e-06	0.0425004822387828
peachpuff	8.28510186128856e-15	2.18094624607265e-10	4.06206850576167e-13	4.97117834311363e-12	0.00968690340510703	1.09012233334481e-06	2.44876020605304e-12	4.54027699693819e-08	6.49216124347148e-08	5.12587507969976e-17	1.11238405163649e-06
violetred4	0.00108797554289103	0.000802956416389805	0.0207998799978157	0.02592461912809	0.0659299764411629	0.232103875202003	0.100564233663193	0.0578938710065519	0.167047310218682	7.98262427024938e-07	0.17959363328656
blanchedalmond	3.08269862360454e-06	8.13886348578826e-06	1.44869342328854e-05	0.000403382238657409	0.00700731620749546	9.85027063418881e-05	1.50844521520012e-06	1.59252831852069e-05	2.58083476490739e-05	0.00470589529219136	0.00215082181332889
chartreuse	0.0592309132085717	0.153704886711615	0.146609754991956	0.190472768900148	0.313126088848328	0.59877563931242	0.367372288081343	0.00985192562433568	0.42475872835499	4.18383206237193e-07	0.520208267515898
chartreuse2	9.55626483599374e-10	1.42822225423061e-06	1.06366769319194e-05	4.32837998592571e-07	1.96200556144088e-11	9.44961151520421e-10	0.000131984956698674	3.28248637999391e-42	5.03619134062325e-34	4.07620421882294e-33	1.68683046451022e-08
cyan	0.00515049931903405	3.77030164885506e-05	0.00603521509709778	4.10958055447921e-05	4.33029861585457e-07	1.47597622387985e-10	7.19766976614341e-05	1.26188665829362e-16	0.129922172642501	0.000237206751481154	0.108576917472423
gold2	0.894304697206949	0.849551053695925	0.902029182833397	0.807035598301041	0.857386949730838	0.826550040569434	0.931773335663648	0.962121131980992	0.98362246942221	0.854689928606833	0.718814441161063
lavender	0.0538603965013177	0.00327863288645804	0.0280144214111427	0.000519040398964809	1.68850821138998e-06	4.58638954225793e-08	0.00362179136365082	8.14581118011594e-11	7.94865360856157e-07	0.000497898252285008	0.00271728544649687
lemonchiffon4	6.77366629680736e-11	0.000123746276590838	2.1401424758005e-08	8.96303589568186e-07	0.291806979905655	0.00057476166038158	9.12573611486723e-08	2.41472749720721e-29	5.0788468486759e-13	2.26044868488632e-31	0.00221077783787692
lightblue3	4.67859652306792e-15	1.76898207807084e-12	8.92847777520441e-11	1.14243882126342e-10	1.86341414868688e-13	2.95348188935482e-13	1.99950188458048e-10	3.21352886630917e-16	8.52968920758858e-17	2.61324659889755e-12	1.00591545519585e-12
lightgoldenrod3	0.678911207838456	0.965084764427897	0.993657935823564	0.841145374327105	0.0383717606889712	0.0749052265627232	0.934981039936806	0.0005912137062921	0.732235029469959	0.0461822659261821	0.188269070011071
lightsteelblue3	6.91711170734641e-41	3.72539055418283e-23	3.20292962721661e-29	3.35821584458874e-29	1.96511381124517e-14	9.1936524375871e-26	1.49640891913906e-27	1.02304356506639e-67	2.0029120098589e-45	1.18299041358945e-62	1.510079514053e-29
mediumpurple4	0.999999916593457	0.151789375373714	0.999088410769268	0.999999998220113	6.35601578018759e-20	8.72656431995821e-06	0.999982801523145	0.989433699668071	0.000735129040959255	1	1.42577920727849e-14
mediumvioletred	5.89181992051154e-05	0.000865804452865066	0.0160586661484163	0.00968205550761462	0.00211191241347971	0.0030833679836764	0.0876904999215515	3.66796011579709e-08	3.37861617704007e-08	1.57166108576751e-12	0.0205763767463915
peachpuff3	0.500199048969152	0.000862056872426044	0.116464254923111	0.00224086936675409	0.00372554117122123	0.119342806131276	0.147498689627702	0.133343600497019	1.11427503789804e-06	0.00384830884677585	0.537217935890148
purple4	0.0615622975695368	0.021185337392996	0.0127967020815557	0.0181778503046737	0.78643917747797	0.0884406549030496	0.0454903512284961	2.94649261837054e-09	0.0071651280838091	0.00160465749667584	0.0100829565639997
rosybrown1	0.225256743562161	0.775490073430083	0.688688867139791	0.982255455155265	0.919608242527521	0.79406327449469	0.920133234866458	0.753988835318663	0.205045407294681	0.824806757888643	6.65294582830199e-05
salmon2	0.112030789194871	0.00195492321610984	0.190408931504721	0.0254033197983211	0.00013287174343263	0.00694818933704327	0.541563225644766	0.0652732101266104	0.923275121693003	0.253462201508731	0.208654363965665
seashell	0.98708103458873	0.110715557407689	0.28475731121264	0.993295877285841	0.919184051670286	0.852303240818277	0.931614744167102	0.998817038721535	0.954679320294947	0.999623057728162	0.606369629559685
sienna2	7.12158323907335e-05	3.41565310168698e-07	0.0072586662451374	0.0138586485037814	2.25809152145139e-10	0.000247109832477352	0.0965193929065944	7.77414536191118e-19	4.91448651103737e-28	1.21519526257251e-09	0.00245617596475027
slateblue3	0.000482155551107906	0.0371569920073894	0.0312471633769644	0.126518824892194	0.0518798780074148	0.590134407516444	0.284301022497313	0.0019817866944782	0.0265870389830728	0.00508769592247988	0.0614958932761762
bisque4	0.437293239983634	0.993802868661535	0.954972546001121	0.640262236271038	0.907232116433217	0.966436346358375	0.97942205972061	0.893939438892643	0.304893114728584	0.572698111467398	0.787033603887756
cadetblue	0.190199660042951	0.0783500925505683	0.00274894126697173	0.0467942456825297	0.370063215116809	0.0365074234936764	0.0131477504299572	0.169844086543903	0.0598573595570714	0.00683740305663455	0.000963095771566824
coral1	6.57833701233157e-08	4.55012702557626e-07	3.4184845878037e-06	4.75234939847252e-06	1.18017129924348e-06	2.40455338050844e-08	1.05868860503426e-06	2.78415629973522e-09	3.22211255066603e-11	1.16452632568277e-08	6.42673823188453e-09
cornflowerblue	0.0411734158343845	0.0726685990984955	0.0097489364393008	0.00228779443639646	0.338337374509808	0.0326110102075643	0.0303067627553835	0.267748776692679	0.0143014489590217	0.0596729269303703	0.0719165977079071
cornsilk	0.0926768323415817	0.121729735354688	0.275236622511781	0.070245384909159	0.746471450185445	0.630271715743495	0.122366370283811	0.106613430729854	0.00238817036955541	0.00132252420784313	0.0926627830726169
dodgerblue1	0.9983118679129	0.973218074097264	0.998177253902705	0.99860455637631	0.000985924137771566	0.98981328848745	0.998139436260936	0.999981378307337	0.985287064267567	0.999997096732164	0.155715566569203
floralwhite	0.111117932645223	0.37096800164045	0.0572097244897339	0.261129787357387	0.645983330557821	0.361313188695656	0.152106746159089	0.347951584662113	0.209536694659861	0.0210589365179194	0.0824623217786265
khaki1	0.0142709672052416	0.00266879300424792	0.0380027224387518	0.00280605311873802	2.68933103902225e-06	1.28846611329626e-05	0.169009586345208	0.00282713957366127	9.03596640646087e-05	0.018081131906589	2.41043993112544e-06
lemonchiffon	0.469607651463367	0.216449442019599	0.0246979681759221	0.0415952288771874	0.475751119359323	0.689034870063835	0.0470930839532584	0.0472118632246941	0.0121054393191719	0.000549787872106068	0.180977302938011
lightpink3	3.43514406741555e-92	5.96889784642134e-45	7.57064444875349e-46	3.96972494752516e-49	2.51081119592833e-31	1.62226024423125e-55	1.28514770685328e-50	1.19808320335973e-154	5.63046510403539e-287	1.05924641495362e-121	6.57345755575316e-63
lightskyblue1	0.00994316540889768	0.194499342559206	0.00697667203378018	0.577727788188336	0.123750987623222	0.226727762918617	0.0502377489251195	0.0117388198472183	1.31311817059338e-05	0.564320956440346	0.000306268417224489
maroon1	0.501292162805191	0.259329889263316	0.310659430706365	0.272086311602796	0.0336652271599635	0.0283760203493798	0.221893337626893	0.405153098070959	0.444868886186022	0.20650875399277	0.714515071339489
maroon2	0.0196510344011096	0.0693354206739368	0.0555409263649068	0.00746222480624933	0.00144386260190416	0.0178811725409622	0.00650998091173585	1.26171300086722e-07	5.19143210025147e-07	1.10124557326649e-09	0.000185665640614191
orangered	0.901981230221054	0.00232631702702852	0.138994995325331	0.839649086857988	1.37834075299662e-06	0.000161301011463686	0.219037486071829	0.364191838868573	7.76054929971686e-05	0.976902791469466	1.95846493751704e-06
palegreen3	3.31110616254181e-10	8.93950721595238e-16	2.69691090560215e-10	1.82830894108388e-12	6.51013305161355e-25	1.23319033814438e-13	3.51694962629787e-10	1.45619864872136e-28	4.15699675244315e-15	3.93651633917724e-23	1.46376799432192e-07
slateblue1	0.998519313407102	0.103189234148278	0.710391709180417	0.999228018936564	0.281551410890216	0.315051193779753	0.987647091593652	0.999978256621472	0.9739460401812	0.999999943085763	0.451986086141591
snow1	0.155178010605871	0.187413936329755	0.335815105240691	0.357736223330619	9.18599605456024e-05	0.114663178942406	0.367357047651304	0.00094444630184083	0.00163773780059045	0.00638520315441877	0.0240765396025854
springgreen4	0.0726200850287016	0.0768047017016607	0.00350538641627331	0.000855618179382974	0.0345162308060903	0.176677144914157	0.00243644185897725	0.000703776855588361	0.0112253387616175	0.000155109732528027	0.536296311628479
yellow4	0.0253696072247325	0.302864875173206	0.488783432990296	0.385442137514655	0.537807933530846	0.169645252132233	0.466228849346474	0.0065470375460581	0.00747934278840267	0.000438083818982784	0.149666063406836
blue2	0.00430515144151548	0.000462639674201209	7.68346491466795e-06	0.000482126363094827	0.00179730767005	8.27572186297503e-06	5.42978480761321e-06	3.12981488217425e-07	6.1592418464681e-05	1.24322911739139e-06	2.3372506398222e-07
brown4	0.614695046441431	0.578118670145015	0.0353185336683637	0.13353033971434	0.486600548742254	0.499927748962081	0.264105701385206	0.0034824049332344	0.0017046759078611	2.20909580568022e-05	0.0010703773620774
chocolate4	0.00233502163481729	0.0588015614376675	0.000543824107073539	1.92302761039219e-05	0.248116819806215	0.0396728167168301	8.14386632313023e-05	2.82118330896265e-05	0.000599620075355383	2.71259312991805e-11	4.57700387130319e-08
coral3	0.00121348047114956	6.73207328627188e-06	0.00464557564907552	0.000141945348726024	2.84637321986275e-06	0.000139984425941578	0.000264532745124421	1.68973483599707e-05	7.87453657341701e-07	0.0301699013839611	2.87122152284228e-07
darkblue	0.867014726560193	3.67852272454441e-12	4.69278585567751e-05	0.633603191250583	1.28239472525739e-13	8.22648113202288e-11	0.00386802128336012	0.755128229990525	0.0101158062499807	0.998799213982527	2.72056068162493e-12
darkgoldenrod1	6.27083387912316e-05	3.21103236641952e-05	9.98310729316117e-08	5.15049250191679e-06	0.00275767050750039	0.0767495804859589	3.47524233235283e-05	0.0103601976088792	0.00423389879231306	0.00951721767862051	2.78027577168927e-19
darkgoldenrod4	0.970232838379539	0.78426013048062	0.97095685379114	0.963077746559708	1.10027738109591e-05	0.579112857877063	0.986907218256168	0.998863380152822	0.722997007388322	0.999964088495962	8.25367784222599e-07
darkolivegreen1	0.0470220856793973	0.456262096384877	0.463012339002306	0.592854101393541	0.652385298615069	0.441731330954816	0.275774263267066	0.210369304581366	0.549027079200331	0.0537017653622022	0.703771858640092
darkolivegreen3	0.196935337534658	0.24837190288578	0.31528899868875	0.354971745602535	0.573919157838753	0.141619181333723	0.177443414076088	0.710412343672968	0.358803797709161	0.00874143137384486	0.0459899227519512
darkviolet	0.923473893395856	0.906066350314983	0.960554181761809	0.930941242258771	0.715209560359091	0.232390963959065	0.546892916110796	0.653526782256456	0.424488882935099	0.61179591554744	0.153187827524463
deeppink	3.08430182837417e-13	2.68846078703746e-06	3.12410401762413e-10	7.25267688930292e-07	1.96303971086306e-05	4.05417512735896e-05	3.78669049690229e-08	0.000359690400299392	0.000161704222573261	4.38888831515715e-05	1.12745916056991e-06
deeppink1	1.17327009991545e-07	2.60350414802003e-12	1.85911774372597e-16	5.19739007924598e-13	8.92840882594617e-05	2.91323976041823e-06	1.79830771731304e-14	2.18945893972953e-07	4.22733969573531e-07	6.5872958153424e-09	6.21838923071365e-20
deeppink4	0.0917577249319455	0.00167410707778433	0.00770458544718727	0.0148675372247584	0.000460853196293762	0.0574315060215935	0.0573675313880203	0.430553940227535	0.190361719044917	0.3570212662256	0.00514891853920748
gold4	0.613710501272144	0.458227987321799	0.772340043216103	0.767064685684512	0.0303071951634386	0.247157063953562	0.811704355801616	0.0273513460523961	0.41563719195709	0.562746946961049	0.00883109940579271
goldenrod	0.0290931190936568	0.241629864952447	0.0811392572788172	0.0128094549121491	0.023591410233875	0.177050035469267	0.101879636655717	0.2030626084525	0.0598029847686772	0.0179717484713044	0.291333390743636
lightskyblue4	0.839726170519682	0.152490067776271	0.789663558169377	0.940893002680321	0.145708109357398	0.299501202295639	0.798240057764512	0.915645959395991	0.885483315700841	0.975953610826233	0.10127068162259
navajowhite2	4.65817160760883e-11	6.33520643086449e-09	1.7649251983536e-12	1.35203944205555e-08	0.000262150254503896	3.8324650706944e-07	1.58466461938213e-11	2.65965331732077e-07	1.94561767125552e-07	1.4807654942611e-08	2.52114650940097e-16
navyblue	0.00507523389064371	0.00567997223587935	0.133826814419872	0.00337884966488449	0.000830319417900493	0.00386405872290662	0.00354554914640113	4.30212686706802e-08	0.000270654056167059	0.000110437304328021	1.09204383884172e-25
orange	0.00108647858451871	0.0123068386043445	0.103476165339648	0.0532278531957244	0.458384493558178	0.180266978748496	0.0435135389546691	0.0976664264210608	0.10757620104455	0.00248342980556798	1.17901304055679e-11
orange3	0.792122168320968	0.364447901069923	0.427553469767106	0.50538500549993	0.344526431067569	0.555270247368263	0.766842558666638	0.853858031719645	0.795801711714236	0.470694976724102	0.0225236087524826
paleturquoise2	0.000309264431586269	0.040319551710146	0.00274717442427735	0.0163585727663368	0.423398023634693	0.0731261672635582	0.00188870960646535	0.103662739928761	0.00134846507087642	0.000270630445939975	0.000253108514493372
palevioletred4	0.421696156027485	0.718151369245119	0.102569116874897	0.220739054106304	0.467836885453024	0.832300065646824	0.279797546959532	0.263764749610901	0.518851253639501	0.0116180109119676	0.648667686766062
plum1	0.0330451313567279	0.0137642280143461	0.182207016451423	0.159886714905476	0.0113974451704841	0.0427503626099689	0.20815089415178	0.0388572676317836	0.20823943857033	0.0861489335961723	2.94413836957396e-07
royalblue4	0.317793548989782	0.643185908197718	0.67350759033185	0.889060200570002	0.397617778374396	0.256814106765123	0.82049141804615	0.00375047469270985	0.0134819384128101	0.000277670464031303	0.476597616290026
turquoise1	4.56548105302941e-50	8.34350236400731e-39	3.2606744492953e-44	3.41501317205138e-40	6.63544304690327e-20	3.45191119785312e-30	1.6094416982219e-43	2.63088029214147e-24	8.59081758397787e-28	4.73588581341372e-24	1.23443271120556e-60
violet	0.174287536731724	0.65802475471016	0.204834266302705	0.157242658341531	0.61302230946774	0.461704958242754	0.135171120352149	0.0950759885443352	0.714564696909521	0.00624453372978261	0.351832221996534
